array([[1.        +0.00000000e+00j, 0.70890444+0.00000000e+00j,
        0.44516524-1.24466268e-01j, 0.50199002+9.49765231e-02j,
        0.44516524+1.24466268e-01j, 0.3726725 +0.00000000e+00j,
        0.27799992+2.05863972e-01j, 0.50199002-9.49765231e-02j,
        0.27799992-2.05863972e-01j, 0.42146042+0.00000000e+00j],
       [0.70890444+0.00000000e+00j, 0.70890444+0.00000000e+00j,
        0.57332898-2.81892565e-17j, 0.61930967-1.43114687e-17j,
        0.44516524-1.24466268e-01j, 0.44516524-1.24466268e-01j,
        0.37750977-1.82551407e-01j, 0.50199002+9.49765231e-02j,
        0.40083188+1.53061662e-01j, 0.50199002+9.49765231e-02j],
       [0.44516524+1.24466268e-01j, 0.57332898+2.81892565e-17j,
        0.57332898+0.00000000e+00j, 0.51191252+9.19797102e-02j,
        0.36002897-1.00662535e-01j, 0.44516524-1.24466268e-01j,
        0.33915667-9.48267309e-02j, 0.40598621+7.68125996e-02j,
        0.40083188+1.53061662e-01j, 0.40083188+1.53061662e-01j],
       [0.50199002-9.49765231e-02j, 0.61930967+1.43114687e-17j,
        0.51191252-9.19797102e-02j, 0.61930967+0.00000000e+00j,
        0.38890311-1.08735620e-01j, 0.37750977-1.82551407e-01j,
        0.37750977-1.82551407e-01j, 0.4385461 +8.29729317e-02j,
        0.38244958+7.23594703e-02j, 0.50199002+9.49765231e-02j],
       [0.44516524-1.24466268e-01j, 0.44516524+1.24466268e-01j,
        0.36002897+1.00662535e-01j, 0.38890311+1.08735620e-01j,
        0.30140021+0.00000000e+00j, 0.30140021+6.93889390e-18j,
        0.26911345-4.83539204e-02j, 0.29855524+1.47778833e-01j,
        0.22483342+1.66493217e-01j, 0.29855524+1.47778833e-01j],
       [0.3726725 +0.00000000e+00j, 0.44516524+1.24466268e-01j,
        0.44516524+1.24466268e-01j, 0.37750977+1.82551407e-01j,
        0.30140021-6.93889390e-18j, 0.3726725 +0.00000000e+00j,
        0.28392685-1.47451495e-17j, 0.29855524+1.47778833e-01j,
        0.27799992+2.05863972e-01j, 0.27799992+2.05863972e-01j],
       [0.27799992-2.05863972e-01j, 0.37750977+1.82551407e-01j,
        0.33915667+9.48267309e-02j, 0.37750977+1.82551407e-01j,
        0.26911345+4.83539204e-02j, 0.28392685+1.47451495e-17j,
        0.28392685+0.00000000e+00j, 0.24286495+1.79845890e-01j,
        0.21179894+1.56840949e-01j, 0.27799992+2.05863972e-01j],
       [0.50199002+9.49765231e-02j, 0.50199002-9.49765231e-02j,
        0.40598621-7.68125996e-02j, 0.4385461 -8.29729317e-02j,
        0.29855524-1.47778833e-01j, 0.29855524-1.47778833e-01j,
        0.24286495-1.79845890e-01j, 0.36819422+0.00000000e+00j,
        0.30434408+5.46841093e-02j, 0.36819422+2.77555756e-17j],
       [0.27799992+2.05863972e-01j, 0.40083188-1.53061662e-01j,
        0.40083188-1.53061662e-01j, 0.38244958-7.23594703e-02j,
        0.22483342-1.66493217e-01j, 0.27799992-2.05863972e-01j,
        0.21179894-1.56840949e-01j, 0.30434408-5.46841093e-02j,
        0.32109675+0.00000000e+00j, 0.32109675+0.00000000e+00j],
       [0.42146042+0.00000000e+00j, 0.50199002-9.49765231e-02j,
        0.40083188-1.53061662e-01j, 0.50199002-9.49765231e-02j,
        0.29855524-1.47778833e-01j, 0.27799992-2.05863972e-01j,
        0.27799992-2.05863972e-01j, 0.36819422-2.77555756e-17j,
        0.32109675+0.00000000e+00j, 0.42146042+0.00000000e+00j]])
