array([[1.        +0.00000000e+00j, 0.98757498-3.46944695e-18j,
        0.30367029+3.31240127e-02j, 0.88336399-2.29562810e-02j,
        0.30367029-3.31240127e-02j, 0.28935197-2.08166817e-17j,
        0.24998422-2.78577583e-03j, 0.88336399+2.29562810e-02j,
        0.24998422+2.78577583e-03j, 0.90101896+0.00000000e+00j],
       [0.98757498-3.46944695e-18j, 0.98757498-6.93889390e-18j,
        0.32786328-8.32667268e-17j, 0.86663984+6.93889390e-18j,
        0.30367029+3.31240127e-02j, 0.30367029+3.31240127e-02j,
        0.24515689-3.63794109e-03j, 0.88336399-2.29562810e-02j,
        0.25669935+4.70815655e-03j, 0.88336399-2.29562810e-02j],
       [0.30367029-3.31240127e-02j, 0.32786328+4.85722573e-17j,
        0.32786328+1.38777878e-17j, 0.25154951+1.11561230e-02j,
        0.18748511+6.79902981e-03j, 0.30367029+3.31240127e-02j,
        0.07120568+2.09992437e-03j, 0.35227511+2.34014247e-03j,
        0.25669935+4.70815655e-03j, 0.25669935+4.70815655e-03j],
       [0.88336399+2.29562810e-02j, 0.86663984+0.00000000e+00j,
        0.25154951-1.11561230e-02j, 0.86663984+0.00000000e+00j,
        0.32562887+1.44928594e-02j, 0.24515689-3.63794109e-03j,
        0.24515689-3.63794109e-03j, 0.8171866 -2.12365068e-02j,
        0.29861768-7.76027937e-03j, 0.88336399-2.29562810e-02j],
       [0.30367029+3.31240127e-02j, 0.30367029-3.31240127e-02j,
        0.18748511-6.79902981e-03j, 0.32562887-1.44928594e-02j,
        0.18454613-1.38777878e-17j, 0.18454613-4.85722573e-17j,
        0.09205374-5.46668037e-03j, 0.33152886-2.33980682e-02j,
        0.22226768+6.48033730e-03j, 0.33152886-2.33980682e-02j],
       [0.28935197-2.08166817e-17j, 0.30367029-3.31240127e-02j,
        0.30367029-3.31240127e-02j, 0.24515689+3.63794109e-03j,
        0.18454613+4.16333634e-17j, 0.28935197+0.00000000e+00j,
        0.06936576-1.38777878e-17j, 0.33152886-2.33980682e-02j,
        0.24998422-2.78577583e-03j, 0.24998422-2.78577583e-03j],
       [0.24998422+2.78577583e-03j, 0.24515689+3.63794109e-03j,
        0.07120568-2.09992437e-03j, 0.24515689+3.63794109e-03j,
        0.09205374+5.46668037e-03j, 0.06936576+1.04083409e-17j,
        0.06936576+0.00000000e+00j, 0.2312566 -2.57707889e-03j,
        0.08450617-9.41720422e-04j, 0.24998422-2.78577583e-03j],
       [0.88336399-2.29562810e-02j, 0.88336399+2.29562810e-02j,
        0.35227511-2.34014247e-03j, 0.8171866 +2.12365068e-02j,
        0.33152886+2.33980682e-02j, 0.33152886+2.33980682e-02j,
        0.2312566 +2.57707889e-03j, 0.83351895+0.00000000e+00j,
        0.32797323-1.75849383e-03j, 0.83351895-1.38777878e-17j],
       [0.24998422-2.78577583e-03j, 0.25669935-4.70815655e-03j,
        0.25669935-4.70815655e-03j, 0.29861768+7.76027937e-03j,
        0.22226768-6.48033730e-03j, 0.24998422+2.78577583e-03j,
        0.08450617+9.41720422e-04j, 0.32797323+1.75849383e-03j,
        0.30458587+0.00000000e+00j, 0.30458587-1.38777878e-17j],
       [0.90101896+0.00000000e+00j, 0.88336399+2.29562810e-02j,
        0.25669935-4.70815655e-03j, 0.88336399+2.29562810e-02j,
        0.33152886+2.33980682e-02j, 0.24998422+2.78577583e-03j,
        0.24998422+2.78577583e-03j, 0.83351895-1.38777878e-17j,
        0.30458587+1.38777878e-17j, 0.90101896+0.00000000e+00j]])
